k_0=400.0-metric=joint_distance-perror: (0.448831893358914, 0.0023765886981656006)
k_0=0.0-metric=joint_distance-perror: (0.8729236644205925, 1.8535298094827592e-06)
k_0=200.0-metric=joint_distance-perror: (0.48294933461513156, 0.001301277602813353)
k_0=800.0-metric=joint_distance-perror: (0.4435741182052668, 0.004899022435103745)
