k_0=2000.0-metric=manipulability-perror: (0.059716402319387595, 0.01503231818468006)
k_0=8000.0-metric=manipulability-perror: (0.06092833085630018, 0.014950619885994826)
k_0=4000.0-metric=manipulability-perror: (0.06062246763536359, 0.01516346515623221)
k_0=0.0-metric=manipulability-perror: (0.050735138682057215, 0.013875849435770941)
