k_0=2000.0-metric=manipulability-perror: (0.0131498753148355, 2.303297606909996e-05)
k_0=8000.0-metric=manipulability-perror: (0.014165441525231632, 0.00014072855291972965)
k_0=4000.0-metric=manipulability-perror: (0.013583441482618936, 6.529268855597726e-05)
k_0=0.0-metric=manipulability-perror: (0.012603600023106716, 3.7824595525087584e-07)
