k_0=400.0-metric=joint_distance-perror: (0.6182875394051488, 0.01767541727046263)
k_0=0.0-metric=joint_distance-perror: (0.8178801332267586, 0.016233601425026792)
k_0=200.0-metric=joint_distance-perror: (0.635123326655263, 0.017636231815855722)
k_0=800.0-metric=joint_distance-perror: (0.6103472896115971, 0.017439239559007697)
