k_0=400.0-metric=joint_distance-perror: (1.3777019065723386, 0.03791252925813566)
k_0=0.0-metric=joint_distance-perror: (2.262265092789768, 0.030125451214584396)
k_0=200.0-metric=joint_distance-perror: (1.4727440219998902, 0.03500554711280412)
k_0=800.0-metric=joint_distance-perror: (1.3251724716539193, 0.04180571926653079)
